function mpc = KPG193_ver1_5

mpc.version = '2';

%-----  Power Flow Data  -----%%
% system MVA base
mpc.baseMVA = 100;
    
% bus data
%	bus_i	type	Pd	Qd	Gs	Bs	area	Vm	Va	baseKV	zone	Vmax	Vmin
mpc.bus = [
	1	1	60.10005262	8.540729071	0	0	1	1.049290504	-1.546703865	154	1	1.1	0.9	;
	2	1	77.86682529	10.32257149	0	0	1	1.04984995	-2.252739336	345	1	1.05	0.95	;
	3	2	452.7959174	47.34332488	0	0	1	1.05000001	-1.923691938	345	1	1.05	0.95	;
	4	2	108.0675095	10.98065239	0	0	1	1.05000001	-2.524531316	345	1	1.05	0.95	;
	5	1	-176.4488215	12.39954598	0	0	1	1.051699039	-2.312919195	154	1	1.1	0.9	;
	6	1	97.37817019	10.55004308	0	0	1	1.047944445	-6.649832641	154	1	1.1	0.9	;
	7	2	703.2959193	71.18648273	0	0	1	1.04922907	-6.033329469	345	1	1.05	0.95	;
	8	2	1610.245306	162.4950267	0	0	1	1.05000001	-6.800375972	345	1	1.05	0.95	;
	9	1	409.2859112	41.13874854	0	0	1	1.047718105	-7.479595778	154	1	1.1	0.9	;
	10	2	897.5840085	90.38020729	0	0	1	1.048624101	-6.928108814	154	1	1.1	0.9	;
	11	1	737.3457448	74.86024455	0	0	1	1.047767097	-7.285874698	345	1	1.05	0.95	;
	12	1	410.7671418	41.07671418	0	0	1	1.047591485	-7.487830101	154	1	1.1	0.9	;
	13	1	442.7349719	44.27349719	0	0	1	1.047658199	-7.487200087	154	1	1.1	0.9	;
	14	1	474.8005237	47.48005237	0	0	1	1.04850982	-7.410628027	345	1	1.05	0.95	;
	15	1	140.4552505	14.04552505	0	0	1	1.04820491	-7.449357065	154	1	1.1	0.9	;
	16	1	605.0867533	60.50867533	0	0	1	1.048513096	-7.427783041	345	1	1.05	0.95	;
	17	1	652.4699575	65.24699575	0	0	1	1.048346734	-7.447391173	345	1	1.05	0.95	;
	18	1	681.2057126	68.12057126	0	0	1	1.048262346	-7.445522741	345	1	1.05	0.95	;
	19	2	639.4754826	64.13101151	0	0	1	1.048303167	-7.422881556	345	1	1.05	0.95	;
	20	2	297.2702231	33.11847198	0	0	1	1.052154229	-6.166403255	154	1	1.1	0.9	;
	21	2	986.2616311	99.96621723	0	0	1	1.047856974	-7.156976355	345	1	1.05	0.95	;
	22	1	807.2510276	80.72510276	0	0	1	1.047939612	-7.477589258	345	1	1.05	0.95	;
	23	1	471.2211565	47.23963703	0	0	1	1.048173182	-7.418799448	345	1	1.05	0.95	;
	24	1	769.0242171	77.28499942	0	0	1	1.046748591	-7.131049092	154	1	1.1	0.9	;
	25	1	623.0032328	62.49827955	0	0	1	1.04606513	-7.553700861	154	1	1.1	0.9	;
	26	2	735.8887031	73.76596499	0	0	1	1.047501222	-7.083628108	345	1	1.05	0.95	;
	27	2	14.11412764	4.201835317	0	0	1	1.05000001	-5.633508902	345	1	1.05	0.95	;
	28	1	161.0601776	16.72358385	0	0	1	1.05000001	-4.65075456	765	1	1.05	0.95	;
	29	1	812.0857387	81.33025956	0	0	1	1.046826598	-7.555390772	345	1	1.05	0.95	;
	30	1	630.2808766	63.19207526	0	0	1	1.046777476	-7.557949645	154	1	1.1	0.9	;
	31	1	511.8605733	51.39334699	0	0	1	1.046416195	-7.52326039	154	1	1.1	0.9	;
	32	1	210.6267658	21.18962598	0	0	1	1.048131588	-7.418909133	345	1	1.05	0.95	;
	33	1	608.7791716	61.10411514	0	0	1	1.047641475	-7.448817051	154	1	1.1	0.9	;
	34	1	1359.327175	136.6529705	0	0	1	1.048036088	-7.004878234	345	1	1.05	0.95	;
	35	1	826.3817733	83.25015326	0	0	1	1.040787294	-8.194718771	154	1	1.1	0.9	;
	36	2	957.9045079	96.03856314	0	0	1	1.047060464	-7.528993483	345	1	1.05	0.95	;
	37	2	1170.20909	117.7413975	0	0	1	1.048360324	-6.77757879	345	1	1.05	0.95	;
	38	1	471.3937061	47.68660988	0	0	1	1.043310361	-7.653129868	345	1	1.05	0.95	;
	39	2	916.915422	92.00089642	0	0	1	1.046858138	-7.587350631	154	1	1.1	0.9	;
	40	2	1382.771119	139.4576905	0	0	1	1.05000001	-5.524756056	345	1	1.05	0.95	;
	41	1	251.9831637	25.19831637	0	0	1	1.027357686	-8.2519162	154	1	1.1	0.9	;
	42	1	1537.856153	153.7856153	0	0	1	1.022109659	-11.06209495	154	1	1.1	0.9	;
	43	1	801.5363008	80.15461276	0	0	1	1.041612605	-8.147713817	154	1	1.1	0.9	;
	44	1	246.0878788	24.7299606	0	0	1	1.046956646	-6.61535708	345	1	1.05	0.95	;
	45	1	452.793401	45.2793401	0	0	1	1.043435618	-7.13460407	345	1	1.05	0.95	;
	46	1	1419.099955	142.4423266	0	0	1	1.043505864	-7.319258159	345	1	1.05	0.95	;
	47	1	3555.323884	360.7844974	0	0	1	1.039408233	-6.845721472	345	1	1.05	0.95	;
	48	2	251.6632473	25.16632473	0	0	1	1.058280207	-3.027493877	154	1	1.1	0.9	;
	49	2	512.8012856	51.48853131	0	0	1	1.065497187	0.874665079	154	1	1.1	0.9	;
	50	1	612.2594497	61.22889173	0	0	1	1.046202449	-5.302102446	765	1	1.05	0.95	;
	51	1	2452.98345	245.298345	0	0	1	1.044260906	-4.49293777	345	1	1.05	0.95	;
	52	1	544.6313288	56.45035194	0	0	2	1.029203076	-8.041046679	154	1	1.1	0.9	;
	53	2	1097.528284	117.1568882	0	0	2	1.05000001	1.55522016	765	1	1.05	0.95	;
	54	1	503.3746659	50.33746659	0	0	2	1.042049651	-5.491875476	345	1	1.05	0.95	;
	55	1	1465.234442	146.523605	0	0	2	1.038686773	-3.30154292	345	1	1.05	0.95	;
	56	1	203.5733773	20.35733773	0	0	2	1.031484967	-7.584339666	154	1	1.1	0.9	;
	57	1	2307.091557	230.7097987	0	0	2	1.037155598	-4.229259382	345	1	1.05	0.95	;
	58	2	1653.822773	172.7029891	0	0	2	1.047273823	3.505758344	345	1	1.05	0.95	;
	59	2	97.16254276	15.68196179	0	0	2	1.05000001	5.749440428	345	1	1.05	0.95	;
	60	1	228.3774702	22.83774702	0	0	2	1.044323383	-1.112492687	345	1	1.05	0.95	;
	61	1	1093.344079	109.3344818	0	0	2	1.038989499	-5.763797233	154	1	1.1	0.9	;
	62	1	1286.86855	128.6869419	0	0	2	1.043717547	-4.555329698	765	1	1.05	0.95	;
	63	1	152.2956846	17.82885824	0	0	2	1.047247651	-0.008799058	765	1	1.05	0.95	;
	64	2	649.6284931	64.96284931	0	0	2	1.037954785	-4.671945778	345	1	1.05	0.95	;
	65	2	-269.7152549	15.44922261	0	0	3	1.057455765	15.17423998	154	1	1.1	0.9	;
	66	1	-15.66335555	4.462870552	0	0	3	1.049474819	0.709934195	154	1	1.1	0.9	;
	67	1	-13.96465003	3.535921976	0	0	3	1.043114541	4.987519014	154	1	1.1	0.9	;
	68	2	54.21910188	5.582642303	0	0	3	1.05000001	14.40846305	345	1	1.05	0.95	;
	69	1	54.80045674	5.809010735	0	0	3	1.041631293	7.785101922	154	1	1.1	0.9	;
	70	2	319.9235828	32.03945279	0	0	3	1.056480261	-0.501126804	154	1	1.1	0.9	;
	71	2	344.8779293	36.13326117	0	0	3	1.05000001	11.68586495	345	1	1.05	0.95	;
	72	1	110.7055334	12.61521376	0	0	3	1.038611121	-0.17947837	154	1	1.1	0.9	;
	73	1	373.973287	40.96753811	0	0	3	1.044622978	6.461448327	345	1	1.05	0.95	;
	74	1	85.254901	11.65056469	0	0	3	1.027897978	-2.732503368	154	1	1.1	0.9	;
	75	1	219.2992124	24.17854607	0	0	3	1.045167453	6.183914083	345	1	1.05	0.95	;
	76	1	79.45965483	10.76344019	0	0	3	1.047679092	3.572178651	154	1	1.1	0.9	;
	77	1	423.547627	44.38772022	0	0	3	1.02394236	-4.919472477	154	1	1.1	0.9	;
	78	1	5.615591605	10.74299496	0	0	3	1.031213472	0.864739127	154	1	1.1	0.9	;
	79	2	152.2507274	19.58270797	0	0	3	1.05290634	2.736676223	154	1	1.1	0.9	;
	80	1	-65.09488722	5.196214548	0	0	3	1.05000001	3.49187213	765	1	1.05	0.95	;
	81	1	266.8111333	28.36257455	0	0	3	1.036050685	-0.825736669	345	1	1.05	0.95	;
	82	2	94.71194	12.33222564	0	0	3	1.047893854	5.807570065	765	1	1.05	0.95	;
	83	1	310.4992324	32.43091831	0	0	3	1.036399463	-1.391580834	154	1	1.1	0.9	;
	84	1	305.5490449	47.30716881	0	0	3	1.033013891	-6.335128628	345	1	1.05	0.95	;
	85	1	286.2382273	30.54430327	0	0	3	1.033145521	-1.142106727	154	1	1.1	0.9	;
	86	1	270.7548419	29.91110782	0	0	3	1.036266341	-1.271655333	345	1	1.05	0.95	;
	87	1	-294.4374855	6.842791164	0	0	3	1.035481637	-2.197335322	345	1	1.05	0.95	;
	88	1	-134.2263995	1.924085707	0	0	3	1.033846497	-3.352363783	154	1	1.1	0.9	;
	89	1	103.7873182	10.37905328	0	0	3	1.028170013	-4.602387985	154	1	1.1	0.9	;
	90	1	69.97536179	20.78621876	0	0	3	1.034410294	-2.416705568	154	1	1.1	0.9	;
	91	1	69.58236858	6.958236858	0	0	3	1.031146852	-6.454065835	154	1	1.1	0.9	;
	92	1	-235.9538469	3.531500143	0	0	3	1.03538399	-2.95586993	345	1	1.05	0.95	;
	93	1	93.03420672	13.76859512	0	0	3	1.024545169	-6.521311112	154	1	1.1	0.9	;
	94	1	29.67783133	5.089447046	0	0	3	1.030331406	-3.903507778	154	1	1.1	0.9	;
	95	1	33.40517761	7.820806855	0	0	3	1.031996663	-4.78062473	345	1	1.05	0.95	;
	96	1	202.3373784	20.23373784	0	0	4	1.038615526	-2.77115357	154	1	1.1	0.9	;
	97	1	62.95844436	6.295844436	0	0	4	1.044861308	0.252437144	345	1	1.05	0.95	;
	98	1	307.4775721	32.45888342	0	0	4	1.034830911	-5.0216208	154	1	1.1	0.9	;
	99	1	1041.42257	104.142257	0	0	4	1.023170756	-7.346256475	154	1	1.1	0.9	;
	100	2	224.2876806	24.40550286	0	0	4	1.05000001	2.899079723	345	1	1.05	0.95	;
